%YAML:1.0
---
K1: !!opencv-matrix
   rows: 3
   cols: 3
   dt: d
   data: [ 3.6837195759801864e+02, 0., 3.8970246741197349e+02, 0.,
       3.6960288090348274e+02, 2.5701247679506628e+02, 0., 0., 1. ]
K2: !!opencv-matrix
   rows: 3
   cols: 3
   dt: d
   data: [ 3.6667018075005802e+02, 0., 3.8300172694752104e+02, 0.,
       3.6815945510908955e+02, 2.1975174044415053e+02, 0., 0., 1. ]
D1: [ -3.6664136479155937e-02, 1.4816432144499003e-01,
    -4.3236785918454773e-01, 3.7691829867167609e-01 ]
D2: [ -7.0619399302564966e-03, -5.8208371454304741e-02,
    8.3948351602018606e-02, -4.6721635386964264e-02 ]
R: !!opencv-matrix
   rows: 3
   cols: 3
   dt: d
   data: [ 9.9999793745796717e-01, -5.0269723217524482e-04,
       -1.9678351822112281e-03, 4.9685350369077139e-04,
       9.9999546911834847e-01, -2.9689862529234438e-03,
       1.9693187673546289e-03, 2.9680024034595283e-03,
       9.9999365635254178e-01 ]
T: [ -1.1632972398327381e-01, -3.1098553499008430e-04,
    2.5998036152742544e-04 ]
R1: !!opencv-matrix
   rows: 3
   cols: 3
   dt: d
   data: [ 9.9998879405139052e-01, 2.1639554927981083e-03,
       -4.2105900145995813e-03, -2.1701959773280910e-03,
       9.9999655274580290e-01, -1.4780886071813803e-03,
       4.2073769816651169e-03, 1.4872098493082778e-03,
       9.9999004304332861e-01 ]
R2: !!opencv-matrix
   rows: 3
   cols: 3
   dt: d
   data: [ 9.9999392946520216e-01, 2.6732948080152321e-03,
       -2.2348439797379347e-03, -2.6699783656914879e-03,
       9.9999533203505075e-01, 1.4856391336099807e-03,
       2.2388050989470220e-03, -1.4796631299093187e-03,
       9.9999639916789240e-01 ]
P1: !!opencv-matrix
   rows: 3
   cols: 4
   dt: d
   data: [ 2.8319878059218968e+02, 0., 3.9753948162418362e+02, 0., 0.,
       2.8319878059218968e+02, 2.3690265207279833e+02, 0., 0., 0., 1.,
       0. ]
P2: !!opencv-matrix
   rows: 3
   cols: 4
   dt: d
   data: [ 2.8319878059218968e+02, 0., 3.9753948162418362e+02,
       -3.2944635970248200e+01, 0., 2.8319878059218968e+02,
       2.3690265207279833e+02, 0., 0., 0., 1., 0. ]
Q: !!opencv-matrix
   rows: 4
   cols: 4
   dt: d
   data: [ 1., 0., 0., -3.9753948162418362e+02, 0., 1., 0.,
       -2.3690265207279833e+02, 0., 0., 0., 2.8319878059218968e+02, 0.,
       0., 8.5962030616438483e+00, 0. ]
