%YAML:1.0
---
K1: !!opencv-matrix
   rows: 3
   cols: 3
   dt: d
   data: [ 3.5990402410659004e+02, 0., 3.7285806650249174e+02, 0.,
       3.5994808507477825e+02, 2.2554016391584503e+02, 0., 0., 1. ]
K2: !!opencv-matrix
   rows: 3
   cols: 3
   dt: d
   data: [ 3.6742733163530272e+02, 0., 3.7858969285914230e+02, 0.,
       3.6748084757766583e+02, 2.2272727318540720e+02, 0., 0., 1. ]
D1: [ -2.6912806613935667e-02, 9.3699975668693203e-03,
    -1.1249313326998927e-02, 4.1419490873400603e-03 ]
D2: [ -2.1525299151117460e-02, -7.9493970229660080e-03,
    1.6335526084872917e-02, -1.2413595305198782e-02 ]
R: !!opencv-matrix
   rows: 3
   cols: 3
   dt: d
   data: [ 9.9999131935523755e-01, 3.0680865700146039e-03,
       2.8192302088001627e-03, -3.0480104285656455e-03,
       9.9997016316092913e-01, -7.0980575041382360e-03,
       -2.8409235467837671e-03, 7.0894028453455851e-03,
       9.9997083433503087e-01 ]
T: [ -5.9794877412002373e-02, -1.1913148067951305e-05,
    2.5801258040461983e-04 ]
R1: !!opencv-matrix
   rows: 3
   cols: 3
   dt: d
   data: [ 9.9999364137469460e-01, 3.2366935204883262e-03,
       -1.4970054218548376e-03, -3.2419879860958916e-03,
       9.9998845087775756e-01, -3.5479043110577162e-03,
       1.4855046538612784e-03, 3.5527350248563440e-03,
       9.9999258564739690e-01 ]
R2: !!opencv-matrix
   rows: 3
   cols: 3
   dt: d
   data: [ 9.9999067083814264e-01, 1.9923173095281316e-04,
       -4.3149210188493450e-03, -1.8391106626315293e-04,
       9.9999367922528615e-01, 3.5507303748826668e-03,
       4.3156011633643798e-03, -3.5499036878188814e-03,
       9.9998438676331636e-01 ]
P1: !!opencv-matrix
   rows: 3
   cols: 4
   dt: d
   data: [ 2.7320953089280709e+02, 0., 3.7741422419041010e+02, 0., 0.,
       2.7320953089280709e+02, 2.1932521919321098e+02, 0., 0., 0., 1.,
       0. ]
P2: !!opencv-matrix
   rows: 3
   cols: 4
   dt: d
   data: [ 2.7320953089280709e+02, 0., 3.7741422419041010e+02,
       -1.6336682815084266e+01, 0., 2.7320953089280709e+02,
       2.1932521919321098e+02, 0., 0., 0., 1., 0. ]
Q: !!opencv-matrix
   rows: 4
   cols: 4
   dt: d
   data: [ 1., 0., 0., -3.7741422419041010e+02, 0., 1., 0.,
       -2.1932521919321098e+02, 0., 0., 0., 2.7320953089280709e+02, 0.,
       0., 1.6723684605086568e+01, 0. ]
