# oST version 5.0 parameters


[image]

width
640

height
480

[narrow_stereo]

camera matrix
847.225332 0.000000 336.154365
0.000000 850.953794 275.840396
0.000000 0.000000 1.000000

distortion
0.115580 0.108171 0.008395 0.004415 0.000000

rectification
1.000000 0.000000 0.000000
0.000000 1.000000 0.000000
0.000000 0.000000 1.000000

projection
871.937622 0.000000 337.158871 0.000000
0.000000 875.327576 277.424426 0.000000
0.000000 0.000000 1.000000 0.000000

