%YAML:1.0
---
K1: !!opencv-matrix
   rows: 3
   cols: 3
   dt: d
   data: [ 3.7811535509193271e+02, 0., 3.9246917290434044e+02, 0.,
       3.7959317318005594e+02, 2.5767532106347142e+02, 0., 0., 1. ]
K2: !!opencv-matrix
   rows: 3
   cols: 3
   dt: d
   data: [ 3.7414644397327561e+02, 0., 3.8274516768312520e+02, 0.,
       3.7554901124231702e+02, 2.2068258146383155e+02, 0., 0., 1. ]
D1: [ 8.3340099940790682e-02, -2.3612763086555137e+00,
    1.7243974872353103e+01, -4.0258563492481542e+01 ]
D2: [ -5.6816218291544764e-03, -1.2667464923912045e-01,
    2.1084385817419898e-01, 2.5640527601999852e-01 ]
R: !!opencv-matrix
   rows: 3
   cols: 3
   dt: d
   data: [ 9.9992171254265827e-01, -3.3146788689503864e-04,
       1.2508353800463431e-02, 3.6784407377725317e-04,
       9.9999571002616239e-01, -2.9059628367893247e-03,
       -1.2507336906591969e-02, 2.9103364601659105e-03,
       9.9991754483316964e-01 ]
T: [ -1.1913331030815974e-01, -5.7571317371251968e-04,
    -2.7843214167880635e-03 ]
R1: !!opencv-matrix
   rows: 3
   cols: 3
   dt: d
   data: [ 9.9934661225521926e-01, 4.5677417683850884e-03,
       3.5853651266691385e-02, -4.5149795990157707e-03,
       9.9998860240141496e-01, -1.5524259999657028e-03,
       -3.5860333702248802e-02, 1.3895331598233101e-03,
       9.9935584536458333e-01 ]
R2: !!opencv-matrix
   rows: 3
   cols: 3
   dt: d
   data: [ 9.9971533204531282e-01, 4.8311365237154076e-03,
       2.3364823847377689e-02, -4.8655085353564373e-03,
       9.9998716296024681e-01, 1.4144756658669283e-03,
       -2.3357690387153851e-02, -1.5277547598286855e-03,
       9.9972600459584504e-01 ]
P1: !!opencv-matrix
   rows: 3
   cols: 4
   dt: d
   data: [ 2.4072548521950526e+02, 0., 3.6748165299305288e+02, 0., 0.,
       2.4072548521950526e+02, -2.7703905345946737e+01, 0., 0., 0., 1.,
       0. ]
P2: !!opencv-matrix
   rows: 3
   cols: 4
   dt: d
   data: [ 2.4072548521950526e+02, 0., 3.6748165299305288e+02,
       -2.8686590082663418e+01, 0., 2.4072548521950526e+02,
       -2.7703905345946737e+01, 0., 0., 0., 1., 0. ]
Q: !!opencv-matrix
   rows: 4
   cols: 4
   dt: d
   data: [ 1., 0., 0., -3.6748165299305288e+02, 0., 1., 0.,
       2.7703905345946737e+01, 0., 0., 0., 2.4072548521950526e+02, 0.,
       0., 8.3915684828984389e+00, 0. ]
