image_width: 640
image_height: 480
camera_name: narrow_stereo/left
camera_matrix:
  rows: 3
  cols: 3
  data: [864.222463, 0.000000, 310.799445, 0.000000, 869.101783, 268.059661, 0.000000, 0.000000, 1.000000]
distortion_model: plumb_bob
distortion_coefficients:
  rows: 1
  cols: 5
  data: [0.041349, 0.523007, 0.004022, -0.001924, 0.000000]
rectification_matrix:
  rows: 3
  cols: 3
  data: [0.990604, -0.018322, 0.135527, 0.013617, 0.999274, 0.035568, -0.136080, -0.033388, 0.990135]
projection_matrix:
  rows: 3
  cols: 4
  data: [980.764891, 0.000000, 189.300289, 0.000000, 0.000000, 980.764891, 245.790440, 0.000000, 0.000000, 0.000000, 1.000000, 0.000000]
