%YAML:1.0
---
img_w: 752
img_h: 480
K1: !!opencv-matrix
   rows: 3
   cols: 3
   dt: d
   data: [ 3.7171064930147259e+02, 0., 4.0002684945221165e+02, 0.,
       3.7573446555173541e+02, 2.5603504852785369e+02, 0., 0., 1. ]
K2: !!opencv-matrix
   rows: 3
   cols: 3
   dt: d
   data: [ 3.7005627161863413e+02, 0., 3.8361985778059778e+02, 0.,
       3.7209748128921086e+02, 2.1763611586175773e+02, 0., 0., 1. ]
D1: [ -3.3089928918788203e-02, 4.8911921846306133e-02,
    -1.1800835131441982e-01, 9.6232697201813960e-02 ]
D2: [ 5.3009796936552320e-02, -3.5388394683872604e-01,
    6.5232024411652312e-01, -4.1484522936276491e-01 ]
R: !!opencv-matrix
   rows: 3
   cols: 3
   dt: d
   data: [ 9.9942721669944590e-01, 2.1278720495076955e-03,
       3.3774408668984707e-02, -2.0847452862476266e-03,
       9.9999696614907108e-01, -1.3120707851219553e-03,
       -3.3777098121214225e-02, 1.2409082136186223e-03,
       9.9942862065748106e-01 ]
T: [ -1.1969590710856892e-01, 2.7253375396286581e-04,
    1.0416158280281240e-03 ]
R1: !!opencv-matrix
   rows: 3
   cols: 3
   dt: d
   data: [ 9.9968545538938136e-01, -1.5979767616221789e-04,
       2.5079169596051755e-02, 1.7544090508315983e-04,
       9.9999979144503770e-01, -6.2155480055509657e-04,
       -2.5079065042653746e-02, 6.2575920605503830e-04,
       9.9968527493506787e-01 ]
R2: !!opencv-matrix
   rows: 3
   cols: 3
   dt: d
   data: [ 9.9995954634873485e-01, -2.2767923779553620e-03,
       -8.7018321346704740e-03, 2.2822193753478455e-03,
       9.9999720736903674e-01, 6.1378241317380127e-04,
       8.7004103785445798e-03, -6.3361707333288062e-04,
       9.9996194997042220e-01 ]
P1: !!opencv-matrix
   rows: 3
   cols: 4
   dt: d
   data: [ 2.9171232377852505e+02, 0., 8.8975785453568983e+02, 0., 0.,
       2.9171232377852505e+02, 2.0498296347097784e+02, 0., 0., 0., 1.,
       0. ]
P2: !!opencv-matrix
   rows: 3
   cols: 4
   dt: d
   data: [ 2.9171232377852505e+02, 0., 8.8975785453568983e+02,
       -3.4918183777448455e+01, 0., 2.9171232377852505e+02,
       2.0498296347097784e+02, 0., 0., 0., 1., 0. ]
Q: !!opencv-matrix
   rows: 4
   cols: 4
   dt: d
   data: [ 1., 0., 0., -8.8975785453568983e+02, 0., 1., 0.,
       -2.0498296347097784e+02, 0., 0., 0., 2.9171232377852505e+02, 0.,
       0., 8.3541665751505789e+00, 0. ]
