%YAML:1.0
---
img_w: 752
img_h: 480
K1: !!opencv-matrix
   rows: 3
   cols: 3
   dt: d
   data: [ 3.7031365125596795e+02, 0., 3.9443123512413746e+02, 0.,
       3.7290946110765947e+02, 2.5709506281744632e+02, 0., 0., 1. ]
K2: !!opencv-matrix
   rows: 3
   cols: 3
   dt: d
   data: [ 3.6803291836720723e+02, 0., 3.7817449979972702e+02, 0.,
       3.7073450757152011e+02, 2.2077345172025943e+02, 0., 0., 1. ]
D1: [ -1.9620199726638796e-02, -8.5614147749927105e-03,
    1.1748514103175662e-02, -4.3972737165598082e-03 ]
D2: [ 4.9080284964271763e-03, -1.1990866574225943e-01,
    1.6888767714805117e-01, -8.0822609036844476e-02 ]
R: !!opencv-matrix
   rows: 3
   cols: 3
   dt: d
   data: [ 9.9960187549676871e-01, -2.6528796749235198e-04,
       2.8213828624221077e-02, 3.9646450261303921e-04,
       9.9998913854814031e-01, -4.6438778673077814e-03,
       -2.8212290216158998e-02, 4.6532148072711025e-03,
       9.9959112354638113e-01 ]
T: [ -1.1880154335054481e-01, -4.6098536020073102e-04,
    1.5352562927445355e-03 ]
R1: !!opencv-matrix
   rows: 3
   cols: 3
   dt: d
   data: [ 9.9987698427809402e-01, 3.5545112134777344e-03,
       1.5276837401029027e-02, -3.5185879861394185e-03,
       9.9999098295617916e-01, -2.3777184270943369e-03,
       -1.5285151275928338e-02, 2.3236730338000722e-03,
       9.9988047520396361e-01 ]
R2: !!opencv-matrix
   rows: 3
   cols: 3
   dt: d
   data: [ 9.9990898385373328e-01, 3.8799445704822346e-03,
       -1.2921688694769038e-02, -3.8495572656431594e-03,
       9.9998976844099996e-01, 2.3756940404289603e-03,
       1.2930774046942069e-02, -2.3257350333133649e-03,
       9.9991368929478208e-01 ]
P1: !!opencv-matrix
   rows: 3
   cols: 4
   dt: d
   data: [ 2.8648037625028542e+02, 0., 3.9711965352925517e+02, 0., 0.,
       2.8648037625028542e+02, 2.3823346576398728e+02, 0., 0., 0., 1.,
       0. ]
P2: !!opencv-matrix
   rows: 3
   cols: 4
   dt: d
   data: [ 2.8648037625028542e+02, 0., 3.9711965352925517e+02,
       -3.4037408791955819e+01, 0., 2.8648037625028542e+02,
       2.3823346576398728e+02, 0., 0., 0., 1., 0. ]
Q: !!opencv-matrix
   rows: 4
   cols: 4
   dt: d
   data: [ 1., 0., 0., -3.9711965352925517e+02, 0., 1., 0.,
       -2.3823346576398728e+02, 0., 0., 0., 2.8648037625028542e+02, 0.,
       0., 8.4166329464536194e+00, 0. ]
