cam_model: ATAN
cam_width: 640
cam_height: 480
cam_fx: 0.413025
cam_fy: 0.551468
cam_cx: 0.483455
cam_cy: 0.47709
cam_d0: 0.928772

