%YAML:1.0
---
img_w: 752
img_h: 480
K1: !!opencv-matrix
   rows: 3
   cols: 3
   dt: d
   data: [ 3.6657429941885812e+02, 0., 3.9144671075945138e+02, 0.,
       3.6633433258873333e+02, 2.5922668786916546e+02, 0., 0., 1. ]
K2: !!opencv-matrix
   rows: 3
   cols: 3
   dt: d
   data: [ 3.6561741271611180e+02, 0., 3.8558422842816532e+02, 0.,
       3.6529278404662620e+02, 2.2149107688759509e+02, 0., 0., 1. ]
D1: [ -2.0607351446499316e-02, -2.8414171441660126e-03,
    -2.2047835729732792e-03, 8.4556714236632205e-04 ]
D2: [ -2.0438574724440571e-02, -1.6039165444718891e-02,
    2.2807489615236473e-02, -1.3110875654496264e-02 ]
R: !!opencv-matrix
   rows: 3
   cols: 3
   dt: d
   data: [ 9.9999843426574486e-01, -1.2180219149638370e-03,
       -1.2837011620722069e-03, 1.2135326381156322e-03,
       9.9999316615503653e-01, -3.4921314067016635e-03,
       1.2879458820407870e-03, 3.4905681256941334e-03,
       9.9999307854082908e-01 ]
T: [ -1.2020701467810301e-01, -2.6573669250513611e-04,
    -4.6355102143109727e-04 ]
